<?xml version="1.0" encoding="UTF-8" standalone="no"?>
<!-- Created with Inkscape (http://www.inkscape.org/) -->

<svg
   width="512"
   height="512"
   viewBox="0 0 512 512"
   version="1.1"
   id="svg1"
   xml:space="preserve"
   xmlns="http://www.w3.org/2000/svg"
   xmlns:svg="http://www.w3.org/2000/svg"><defs
     id="defs1" /><g
     id="layer1"><g
       style="fill:none"
       id="g2"
       transform="matrix(23.272727,0,0,23.272727,-23.272727,-23.272727)"><path
         d="M 23,4 C 23,2.34315 21.6569,1 20,1 h -4 c -0.5523,0 -1,0.44772 -1,1 0,0.55228 0.4477,1 1,1 h 4 c 0.5523,0 1,0.44772 1,1 v 4 c 0,0.55228 0.4477,1 1,1 0.5523,0 1,-0.44772 1,-1 z"
         fill="#0f0f0f"
         id="path1-3"
         style="stroke-width:1.375;stroke-dasharray:none" /><path
         d="m 23,16 c 0,-0.5523 -0.4477,-1 -1,-1 -0.5523,0 -1,0.4477 -1,1 v 4 c 0,0.5523 -0.4477,1 -1,1 h -4 c -0.5523,0 -1,0.4477 -1,1 0,0.5523 0.4477,1 1,1 h 4 c 1.6569,0 3,-1.3431 3,-3 z"
         fill="#0f0f0f"
         id="path2" /><path
         d="M 4,21 C 3.44772,21 3,20.5523 3,20 V 16 C 3,15.4477 2.55228,15 2,15 1.44772,15 1,15.4477 1,16 v 4 c 0,1.6569 1.34315,3 3,3 H 8 C 8.55228,23 9,22.5523 9,22 9,21.4477 8.55228,21 8,21 Z"
         fill="#0f0f0f"
         id="path3" /><path
         d="M 1,8 C 1,8.55228 1.44772,9 2,9 2.55228,9 3,8.55228 3,8 V 4 C 3,3.44772 3.44772,3 4,3 H 8 C 8.55228,3 9,2.55228 9,2 9,1.44772 8.55228,1 8,1 H 4 C 2.34315,1 1,2.34315 1,4 Z"
         fill="#0f0f0f"
         id="path4"
         style="fill:#000000;fill-opacity:1" /><g
         style="fill:none;stroke-width:2.31995;stroke-dasharray:none"
         id="g3"
         transform="matrix(0.59268511,0,0,0.59268511,4.8877788,4.8873194)"><path
           d="M 7,10.0288 C 7.47142,10 8.05259,10 8.8,10 h 6.4 c 0.7474,0 1.3286,0 1.8,0.0288 m -10,0 C 6.41168,10.0647 5.99429,10.1455 5.63803,10.327 5.07354,10.6146 4.6146,11.0735 4.32698,11.638 4,12.2798 4,13.1198 4,14.8 v 1.4 c 0,1.6802 0,2.5202 0.32698,3.162 0.28762,0.5645 0.74656,1.0234 1.31105,1.311 C 6.27976,21 7.11984,21 8.8,21 h 6.4 c 1.6802,0 2.5202,0 3.162,-0.327 0.5645,-0.2876 1.0234,-0.7465 1.311,-1.311 C 20,18.7202 20,17.8802 20,16.2 V 14.8 C 20,13.1198 20,12.2798 19.673,11.638 19.3854,11.0735 18.9265,10.6146 18.362,10.327 18.0057,10.1455 17.5883,10.0647 17,10.0288 m -10,0 V 8 c 0,-2.76142 2.23858,-5 5,-5 2.7614,0 5,2.23858 5,5 v 2.0288"
           stroke="#000000"
           stroke-width="2"
           stroke-linecap="round"
           stroke-linejoin="round"
           id="path1"
           style="stroke-width:2.31995;stroke-dasharray:none" /></g></g></g></svg>
